11111111111111111111111111111111111111111111111111111111111111111111111111111111111111111111111111111111111111111111111111111111111111111111111111111111111111111111111111111111
11111111111111111111111111111111111111111111111111111111111111111111111111111111111111111111111111111111111111111111111111111111111111111111111111111111111111111111111111111111
11111111111111111111111111111111111111111111111111111111111111111111111111111111111111111111111111111111111111111111111111111111111111111111111111111111111111111111111111111111
11111111111111111111111111111111111111111111111111111111111111111111111111111111111111111111111111111111111111111111111111111111111111111111111111111111111111111111111111111111
11111111111111111111111111111111111111111111111111111111111111111111111111111111111111111111111111111111111111111111111111111111111111111111111111111111111111111111111111111111
11111111111111111111111111111111111111111111111111111111111111111111111111111111111111111111111111111111111111111111111111111111111111111111111111111111111111111111111111111111
11111111111111111111111111111111111111111111111111111111111111111111111111111111111111111111111111111111111111111111111111111111111111111111111111111111111111111111111111111111
11111111111111111111111111111111111111111111111111111111111111111111111111111111111111111111111111111111111111111111111111111111111111111111111111111111111111111111111111111111
11111111111111110001111111111111111111111111111111111111111111111111111111111111111111111111111111111111111111111111111111111111111111111111111111111111111111111111111111111111
11111111111111110001111111111111111111111111111111111111111111111111111111111111111111111111111111111111111111111111111111111111111111111111111111111111111111111111111111111111
11111111111111110001111111111111111111111111111111111111111111111111111111111111111111111111111111111111111111111111111111111111111111111111111111111111111111111111111111111111
11111111111111110001111111111111111111111111111111111111111111111111111111111111111111111111111111111111111111111111111111111111111111111111111111111111111111111111111111111111
11111111111111110001111111111111111111111111111111111111111111111111111111111111111111111111111111111111111111111111111111111111111111111111111111111111111111111111111111111111
11111111111111110001111111111111111111111111111111111111111111111111111111111111111111111111111111111111111111111111111111111111111111111111111111111111111111111111111111111111
11111111111111110001111111111111111111111111111111111111111111111111111111111111111111111111111111111111111111111111111111111111111111111111111111111111111111111111111111111111
11111111111111110001111111111111111111111111111111111111111111111111111111111111111111111111111111111111111111111111111111111111111111111111111111111111111111111111111111111111
11111111111111110001111111111111111111111111111111111111111111111111111111111111111111111111111111111111111111111111111111111111111111111111111111111111111111111111111111111111
11111111111111110001111111111111111111111111111111111111111111111111111111111111111111111111111111111111111111111111111111111111111111111111111111111111111111111111111111111111
11111111111111110001111111111111111111111111111111111111111111111111111111111111111111111111111111111111111111111111111111111111111111111111111111111111111111111111111111111111
11111111111111110001111111111111111111111111111111111111111111111111111111111111111111111111111111111111111111111111111111111111111111111111111111111111111111111111111111111111
11111111111111110001111111111111111111111111111111111111111111111111111111111111111111111111111111111111111111111111111111111111111111111111111111111111111111111111111111111111
11111111111111110001111111111111111111111111111111111111111111111111111111111111111111111111111111111111111111111111111111111111111111111111111111111111111111111111111111111111
11111111111111110001111111111111111111111111111111111111111111111111111111111110000000000000000000000000000000011111111111111111111111111111111110000011111000011111111111111111
11111111111111110001111111111111111111111111111111111111111111111111111111111110000000000000000000000000000000011111111111111111111111111111111110000000000000000001111111111111
11111111111111110001111111111111111111111111111111111111111111111111111111111000000000000000000000000000000008011111111000000000000001111111111110000000000000000001111111111111
11111111111111110001111111111111111111111111111111111111111111111111111111110000000000000000000000000000000000011111110000000000000000000111111110000000000000000001111111111111
11111111111111110001111111111111111111111111111111111111111111111111111111110000000000000000000000000000000000011111100000000000000000000000111110000000000000000001111111111111
11111111111111110001111111111111111111111111111111111111111111111111111111100000000000000000000000000000000000011111000000000000000000000000011110000000000000000000111111111111
11111111111111110001111111111111111111111111111111111111111111111111111111100000000000000000000000000000000000011110000000000000000000000000001110000000000000000000111111111111
1111111111111111000111111111111111111111111111111111111111111111111111111000000000000000000000000000050000000401110000000000000000000000000000900000000000000000000111111111111
1111111111111111000111111111111111111111111111111111111111111111111111111000000000000000000000022222222222222221110000000000000000000007000000900000000000000000000111111111111
11111111111111110001111111111111111111111111111111111111111111111111111100000000000000000000020001111111111111111100000000000000000000022222222200000000000000000000111111111111
11111111111111110001111311111111111111113111111111111111111111111111111100000000000000000000000001111111111111111100000000000000110000011111111100000000000000000000011111111111
11111111111111110001131111111111113111111111111311111111111111111311111000000000000000002220000003111111111111111100000000000000000000011111111110000007070770707000111111111111
11111111111111110000000000000000000000000000000000000000000001113111110000000000000000000000000003111111111111111100000000000000000000011111111111111111111111111111111111111111
11111111111111130000000000000000000000000000000000000000000000111311100000000000000000000000200001111111111111111100000000000000000110011111111111111111111111111111111111111111
11111111111111130000000000000000000000000000000000000000000000011111000000000000000000000000000000111111111111111100000000000000000000011111111111111111111111111111111111111111
11111111111111110000000000000000000000000000000000000000000000000660000000000000000080000000002000009000000000000000000000000000000000011111111111111111111111111111111111111111
11111111111111110000000000000000000222220000000000000000000006000660000000000000000000000000000000009000000000000000000000000000110000011111111111111111111111111111111111111111
11111111111111110000880000008002200111112000000000000000000022222222222000220002200330002200200202222222222222220000000000000000000000000000006111111111111111111111111111111111
11111111111111110000000000000000000111311200000000000000000031133111111200000000000000000000000001111111111111112000b00000000000000000000000006111111111111111111111111111111111
11111111111111110000022000022000009113111120000000000000000031111111111320000000000000000000000001111111111111111222222222222007000000222222222111111111111111111111711111111111
11111111111111110000000000000000090111111112000000002000000031111111113110000000000000000000000071111111111111111111111111111011000000111111111111111111111111111117111111111111
1111111111111111000000b00000500009a111113111200000000000000011111111111112000000000000000000000031111111111111111111111111111000000000111111111111111111111111111117111111111111
111111111111111122322222222232222221311111111200007b0700700411111111111111070070077070070707007731111111111111111111111111111000000110111111111111111117111111111111111111111111
11111111111111111111111111111111111111111111112222222222222211111111111111222222222222222222222221111111111111111111111111111000000000111111111111111111111111111111111111111111
11111111111111111111111111111111111111111111111111111111111111111111111111111111111111111111111111111000800000000000000006000000000000000600011111111111111111111111111111111111
11111111111111111111111111111111111111111111111111111111111111111111111111111111111111111111111111111000000000000000000006000700000000000600000001111111111111111111111111111111
11111111111111111111111111111111111111111111111111111111111111111111111111111111111111111111111111111000000000000000000011222222222222222210000000000001111111111111111111111111
11111111111111111111111111111111111111111111111111111111111111111111111111111111111111111111111111111000000000000000000011111111111111111111000000000001111111111111111111111111
11111111111111111111111111111111111111111111111111111111111111111111111111111111111111111111111111111000000000000000000011111111111111111111100000000001111111111111111111111111
11111111111111111111111111111111111111111111111111111111111111111111111111111111111111111111111111111000000000000000000111111111111111111111110000000001000000000000000000000111
11111111111111111111111111111111111111111111111111111111111111111111111111111111111111111111111111111000400000000000000111111111111111111111110000000001000000000000000000000111
11111111111111111111111111111111111111111111111111111111111111111111111111111111111111111111111111111000111110000000000111111111111111111111110000000001008000000000000000000111
11111111111111111111111111111111111111111111111111111111111111111111111111111111111111111111111111111000000000000070000111111111111111111111110000070001000000000000110000000111
11111111111111111111111111111111111111111111111111111111111111111111111111111111111111111111111111111000000000000111000111111111111111111111117000010001000000000000000000000111
11111111111111111111111111111111111111111111111111111111111111111111111111111111111111111111111111111000000000000000000111111111111111111111111100000001000000003300000000700111
11111111111111111111111111111111111111111111111111111111111111111111111111111111111111111111111111111000000000000000000111111000000000000011110000000071000000000000000001100111
11111111111111111111111111111111111111111111111111111111111111111111111111111111111111111111111111111000000000000000000111111000000000000011110000011011000000000000000000000111
11111111111111111111111111111111111111111111111111111111111111111111111111111111111111111111111111111000000700000000000111111000000000000011110000000001000000000000000000000111
11111111111111111111111111111111111111111111111111111111111111111111111111111111111111111111111111111000000111000000000111111000000000000011110070000001104050007000000000000111
11111111111111111111111111111111111111111111111111111111111111111111111111111111111111111111111111111000000000000000000011111000000000000011100010000000111111111110000110000111
11111111111111111111111111111111111111111111111111111111111111111111111111111111111111111111111111111000000000000000000001000000000000000000600000000000000000000000000000001111
11111111111111111111111111111111111111111111111111111111111111111111111111111111111111111111111111111100000000000050000009000000000000000000600000400000000000000000000000001111
11111111111111111111111111111111111111111111111111111111111111111111111111111111111111111111111111111100000000000111000009000000000000000011111111100111111111111111111111111111
11111111111111111111111111111111111111111111111111111111111111111111111111111111111111111111111111111100000000000000000111000000000000000711111111100111111111111111111111111111
11111111111111111111111111111111111111111111111111111111111111111111111111111111111111111111111111111101111050000000001111111000500705000111111111100111111111111111111111111111
11111111111111111111111111111111111111111111111111111111111111111111111111111111111111111111111111111111111111111111111111111111111111111111111111100111111111111111111111111111
11111111111111111111111111111111111111111111111111111111111111111111111111111111111111111111111111111111111111111111111111111111111111111111111111111111111111111111111111111111
11111111111111111111111111111111111111111111111111111111111111111111111111111111111111111111111111111111111111111111111111111111111111111111111111111111111111111111111111111111
11111111111111111111111111111111111111111111111111111111111111111111111111111111111111111111111111111111111111111111111111111111111111111111111111111111111111111111111111111111
11111111111111111111111111111111111111111111111111111111111111111111111111111111111111111111111111111111111111111111111111111111111111111111111111111111111111111111111111111111
11111111111111111111111111111111111111111111111111111111111111111111111111111111111111111111111111111111111111111111111111111111111111111111111111111111111111111111111111111111
11111111111111111111111111111111111111111111111111111111111111111111111111111111111111111111111111111111111111111111111111111111111111111111111111111111111111111111111111111111
11111111111111111111111111111111111111111111111111111111111111111111111111111111111111111111111111111111111111111111111111111111111111111111111111111111111111111111111111111111
11111111111111111111111111111111111111111111111111111111111111111111111111111111111111111111111111111111111111111111111111111111111111111111111111111111111111111111111111111111
11111111111111111111111111111111111111111111111111111111111111111111111111111111111111111111111111111111111111111111111111111111111111111111111111111111111111111111111111111111
11111111111111111111111111111111111111111111111111111111111111111111111111111111111111111111111111111111111111111111111111111111111111111111111111111111111111111111111111111111
11111111111111111111111111111111111111111111111111111111111111111111111111111111111111111111111111111111111111111111111111111111111111111111111111111111111111111111111111111111
11111111111111111111111111111111111111111111111111111111111111111111111111111111111111111111111111111111111111111111111111111111111111111111111111111111111111111111111111111111
