000000000000000000000000000000000000000000000000000000000000000000000000000000000000000000000000000000000000000000000000000000000000000000000000000000000000000
000000000000000000000000000000000000000000000000000000000000000000000000000000000000000000000000000000000000000000000000000000000000000000000000000000000000000
000000000000000000000000000000000000000000000000000000000000000000000000000000000000000000000000000000000000000000000000000000000000000000000000000000000000000
000000000000000000000000000000000000000000000000000000000000000000000000000000000000000000000000000000000000000000000000000000000000000000000000000000000000000
000000000000000000000000000000000000000000000000000000000000000000000000000000000000000000000000000000000000000000000000000000000000000000000000000000000000000
100011111111111111111111111111111111111111111111111111111111111111111111111111111111111111111111111111111111111111111111111111111111111111111111100000000000000
100011111111111111111111111111111111111111111111111111111111111100000000000000000000000000000000111111111111111111111111111111111100000111110000111110000000000
100011111111111111111111111111111111111111111111111111111111111100000000000000000000000000000000111111111111111111111111111111111100000000000000000010000000000
100011111111111111111111111111111111111111111111111111111111110000000000000000000000000000000080111111110000000000000011111111111100000000000000000010000000000
100011111111111111111111111111111111111111111111111111111111100000000000000000000000000000000000111111100000000000000000001111111100000000000000000010000000000
100011111111111111111111111111111111111111111111111111111111100000000000000000000000000000000000111111000000000000000000000001111100000000000000000011000000000
100011111111111111111111111111111111111111111111111111111111000000000000000000000000000000000000111110000000000000000000000000111100000000000000000001000000000
100011111111111111111111111111111111111111111111111111111111000000000000000000000000000000000000111100000000000000000000000000011100000000000000000001000000000
100011111111111111111111111111111111111111111111111111111100000000000000000000000000005000000040111000000000000000000000000000099000000000000000000001000000000
100011111111111111111111111111111111111111111111111111111100000000000000000000002222222222222222111000000000000000000000700000099000000000000000000001000000000
100011111111111111111111111111111111111111111111111111111000000000000000000000200011111111111111111000000000000000000000222222222000000000000000000001100000000
100011113111111111111111131111111111111111111111111111111000000000000000000000000011111111111111111000000000000001100000111111111000000000000000000000100000000
100011311111111111131111111111113111111111111111113111110000000000000000022200000031111111111111111000000000000000000000111111111100000070707707070001100000000
100000000000000000000000000000000000000000000011131111100000000000000000000000000031111111111111111000000000000000000000111111111111111111111111111111000000000
300000000000000000000000000000000000000000000001113111000000000000000000000002000011111111111111111000000000000000001100111111111111100000000000000011000000000
300000000000000000000000000000000000000000000000111110000000000000000000000000000001111111111111111000000000000000000000111111111111000000000000000001000000000
100000000000000000000000000000000000000000000000006600000000000000000800000000020000090000000000000000000000000000000000111111111111000000000000000001000000000
100000000000000000002222200000000000000000000060006600000000000000000000000000000000090000000000000000000000000001100000111111111111000000000000000001100000000
300000088000800022001111120000000000000000000222222222220002200022003300022002002022222222222222200000000000000000000000000000060000000000000000000000000000000
100000000000000000001113112000000000000000000311331111112000000000000000000000000011111111111111120000000000000000000000000000060000000000000000000000000000000
100000220000220000091131111200000000000000000311111111113200000000000000000000000011111111111111112222222222220070000002222222221111000000000000000007000000000
100000000000000000901111111120000000020000000311111111131100000000000000000000000711111111111111111111111111110110000001111111111111000000000000000071111111111
1000000000000500009a1111131112000000000000000111111111111120000000000000000000000311111111111111111111111111110000000001111111111111000000000000000071111111111
122322222222232222221311111111200007007007004111111111111110700700770700707070077311111111111111111111111111110000001101111111111111100070000000000011111111111
111111111111111111111111111111122222222222222111111111111112222222222222222222222211111111111111111111111111110000000001111111111111111111111111111111111111111
000000000000000000000000000000000000000000000000000000000000000000000000000000000000010008000000000000000060000000000000006000111111111111111111111111111111111
000000000000000000000000000000000000000000000000000000000000000000000000000000000000010000000000000000000060007000000000006000000011111111111111111111111111111
000000000000000000000000000000000000000000000000000000000000000000000000000000000000010000000000000000000112222222222222222100000000000011111111111111111111111
000000000000000000000000000000000000000000000000000000000000000000000000000000000000010000000000000000000111111111111111111110000000000011111111111111111111111
000000000000000000000000000000000000000000000000000000000000000000000000000000000000010000000000000000000111111111111111111111000000000011111111111111111111111
000000000000000000000000000000000000000000000000000000000000000000000000000000000000010000000000000000001111111111111111111111100000000010000000000000000000001
000000000000000000000000000000000000000000000000000000000000000000000000000000000000010004000000000000001111111111111111111111100000000010000000000000000000001
000000000000000000000000000000000000000000000000000000000000000000000000000000000000010001111100000000001111111111111111111111100000000010080000000000000000001
000000000000000000000000000000000000000000000000000000000000000000000000000000000000010000000000000700001111111111111111111111100000700010000000000001100000001
000000000000000000000000000000000000000000000000000000000000000000000000000000000000010000000000001110001111111111111111111111170000100010000000000000000000001
000000000000000000000000000000000000000000000000000000000000000000000000000000000000010000000000000000001111111111111111111111111000000010000000033000000007001
000000000000000000000000000000000000000000000000000000000000000000000000000000000000010000000000000000001111110000000000000111100000000710000000000000000011001
000000000000000000000000000000000000000000000000000000000000000000000000000000000000010000000000000000001111110000000000000111100000110110000000000000000000001
000000000000000000000000000000000000000000000000000000000000000000000000000000000000010000007000000000001111110000000000000111100000000010000000000000000000001
000000000000000000000000000000000000000000000000000000000000000000000000000000000000010000001110000000001111110000000000000111100700000011040500070000000000001
000000000000000000000000000000000000000000000000000000000000000000000000000000000000010000000000000000000111110000000000000111000100000001111111111100001100001
000000000000000000000000000000000000000000000000000000000000000000000000000000000000010000000000000000000010000000000000000006000000000000000000000000000000011
000000000000000000000000000000000000000000000000000000000000000000000000000000000000011000000000000500000090000000000000000006000004000000000000000000000000010
000000000000000000000000000000000000000000000000000000000000000000000000000000000000001000000000001110000090000000000000000111111111001111111111111111111111110
000000000000000000000000000000000000000000000000000000000000000000000000000000000000001000000000000000001110000000000000007100000001001000000000000000000000000
000000000000000000000000000000000000000000000000000000000000000000000000000000000000001011110500000000011111110005007050001100000001001000000000000000000000000
000000000000000000000000000000000000000000000000000000000000000000000000000000000000001111111111111111111111111111111111111000000001001000000000000000000000000
000000000000000000000000000000000000000000000000000000000000000000000000000000000000000000000000000011111000000000000000000000000001001000000000000000000000000
