111000111111111111111111111111111111111111111111111111111111111111111111111111111111111111111111111
111000111111111111111111111111111111111111111111111111111111111111000000000000000000000000000000001
111000111111111111111111111111111111111111111111111111111111111111000000000000000000000000000000001
111000111111111111111111111111111111111111111111111111111111111100000000000000000000000000000000801
111000111111111111111111111111111111111111111111111111111111111000000000000000000000000000000000001
111000111111111111111111111111111111111111111111111111111111111000000000000000000000000000000000001
111000111111111111111111111111111111111111111111111111111111110000000000000000000000000000000000001
111000111111111111111111111111111111111111111111111111111111110000000000000000000000000000000000001
111000111111111111111111111111111111111111111111111111111111000000000000000000000000000050050000401
111000111111111111111111111111111111111111111111111111111111000000000000000000000022222222222222221
111000111111111111111111111111111111111111111111111111111110000000000000000000002000111111111111111
111000111131111111111111111311111111111111111111111111111110000000000000000000000000111111111111111
111000113111111111111311111111111131111111111111111131111100000000000000000222000000311111111111111
111000000000000000000000000000000000000000000000111311111000000000000000000000000000311111111111111
113000000000000000000000000000000000000000000000111311100000000000000000000000200001111111113331111
113000000000000000000000000000000000000000000000001111100000000000000000000000000000011111111111111
111000000000000000000000000000000000000000000000000066000000000000000008000000000200000900000000000
11100000000000000000002222000000000000000000000600066000000000000000000000000000000000090000000000
113000000000000000220011111200000000000000000002222222222200022000220033000220020020222222222222222
111000000000000000000011131120000000000000000003113311111120000000000000000000000000111111111111111
111000002200002200000011311112000000000000000003111111111132000000000000000000000000111111111111111
111000000000000000000011111111200000000200000003111111111311000000000000000000000007111111111111111
111000000000050000000011113111200000000000000001111111111112000000000000000000000031111111111111111
111223222222222322222213111111112005070070070041111111111111107007007707007070700773111111111111111
111111111111111111111111111111111222222222222221111111111111122222222222222222222222111111111111111
111111111111111111111111111111111111111111111111111111111111111111111111111111111111111111111111111
111111111111111111111111111111111111111111111111111111111111111111111111111111111111111111111111111
